DATE,ORIGEN,MERCASA,DESTINO
2016-01-04,0.38,0.87,2.15
2016-01-11,0.33,0.87,2.14
2016-01-18,0.32,0.88,2.12
2016-01-25,0.34,0.9,2.09
2016-02-01,0.34,0.87,2.06
2016-02-08,0.48,0.86,2.04
2016-02-15,0.41,0.94,2.06
2016-02-22,0.5,0.98,2.05
2016-02-29,0.57,1.06,2.09
2016-03-07,0.62,1.2,2.07
2016-03-14,0.62,1.22,2.11
2016-03-21,0.61,1.23,2.11
2016-03-28,0.53,1.2,2.1
2016-04-04,0.48,1.17,2.15
2016-04-11,0.47,1.07,2.18
2016-04-18,0.38,1.06,2.15
2016-04-25,0.33,0.94,2.1
2016-05-02,0.38,0.81,2.07
2016-05-09,0.35,0.79,2.07
2016-05-16,0.31,0.76,2.04
2016-05-23,0.31,0.79,2.02
2016-05-30,0.28,0.81,1.98
2016-06-06,0.34,0.8,1.94
2016-06-13,0.37,0.84,1.95
2016-06-20,0.36,0.77,1.92
2016-06-27,0.37,0.76,1.92
2016-07-04,0.41,0.79,1.94
2016-07-11,0.46,0.86,1.96
2016-07-18,0.5,0.94,1.92
2016-07-25,0.61,1.16,1.94
2016-08-01,0.63,1.01,1.95
2016-08-08,0.59,0.93,1.94
2016-08-15,0.68,0.96,1.93
2016-08-22,0.75,1.17,1.96
2016-08-29,0.67,0.96,1.98
2016-09-05,0.6,0.92,2.0
2016-09-12,0.52,0.88,2.01
2016-09-19,0.56,0.92,1.99
2016-09-26,0.61,0.93,1.98
2016-10-03,0.6,1.09,1.98
2016-10-10,0.61,1.06,2.0
2016-10-17,0.68,1.03,2.02
2016-10-24,0.62,1.05,2.03
2016-10-31,0.56,0.97,2.03
2016-11-07,0.41,1.03,2.03
2016-11-14,0.44,0.95,2.02
2016-11-21,0.54,0.96,2.03
2016-11-28,0.78,1.12,2.02
2016-12-05,0.86,1.23,2.03
2016-12-12,0.67,1.2,2.11
2016-12-19,0.66,1.19,2.11
2016-12-26,0.59,1.17,2.1
